clock: 29.412071
time: 26.0324721336
