clock: 120.580167
time: 116.250203133
