clock: 31.314079
time: 27.9497580528
