clock: 131.33447
time: 127.053766966
