clock: 27.720779
time: 23.7980010509
