clock: 111.665045
time: 106.376188993
