clock: 22.236663
time: 19.0623271465
