clock: 82.230373
time: 78.0350420475
