clock: 29.441546
time: 25.7273058891
