clock: 117.131044
time: 112.363157034
