clock: 28.805856
time: 26.011909008
