clock: 118.35108
time: 113.780086994
