clock: 29.768372
time: 26.533700943
