clock: 120.419476
time: 114.501396179
