clock: 29.734649
time: 26.024657011
