clock: 118.657449
time: 114.095001936
