clock: 27.294393
time: 23.4521708488
