clock: 28.39336
time: 23.0640847683
