clock: 26.680371
time: 24.0745749474
