clock: 27.905519
time: 24.649461031
