clock: 23.69881
time: 21.8933169842
