clock: 23.69881
time: 21.8933169842
clock: 22.71233
time: 21.5407118797
