clock: 23.78356
time: 22.0227570534
