clock: 23.78356
time: 22.0227570534
clock: 22.48447
time: 21.579515934
