clock: 24.199265
time: 22.2934970856
clock: 22.865978
time: 21.6990599632
