clock: 24.199265
time: 22.2934970856
