clock: 22.87518
time: 21.8272020817
