clock: 23.073733
time: 22.0501670837
