clock: 10.541914
time: 8.7434887886
