clock: 12.505027
time: 10.8397631645
