clock: 17.652066
time: 15.8333480358
