clock: 23.881875
time: 21.907793045
