clock: 27.09926
time: 24.1906611919
