clock: 26.900014
time: 24.0812969208
