clock: 28.015603
time: 24.2943379879
