clock: 27.832842
time: 24.9785070419
