clock: 30.027444
time: 27.3011100292
clock: 134.161995
time: 132.878232956
