clock: 28.560557
time: 25.248005867
clock: 128.089268
time: 125.294291973
