clock: 28.560557
time: 25.248005867
