clock: 28.608549
time: 25.0511908531
