clock: 30.027444
time: 27.3011100292
