clock: 28.608549
time: 25.0511908531
clock: 129.779258
time: 126.233170986
